0.814024
0.816718
0.813336
0.866412
0.867951
0.839798
0.870093
0.869563
0.827256
0.789607
0.805446
0.871095
0.859275
0.871185
0.842878
0.797980
0.820826
0.802166
0.790147
0.794068
0.849949
0.828243
0.810283
0.862024
0.851213
0.828803
0.813327
0.836505
0.805599
0.798884
0.863969
0.810976
0.797152
0.854128
0.789375
0.849907
0.868842
0.815631
0.876322
0.871891
0.869898
0.872579
0.866724
0.848062
0.825658
0.872296
0.850998
0.862325
0.859737
0.857149
0.859591
0.805556
0.821884
0.836062
0.817420
0.791976
0.856307
0.806926
0.819020
0.865372
0.859568
0.854573
0.864776
0.859935
0.836101
0.837010
0.828307
0.820296
0.834747
0.794599
0.791708
0.802940
0.804173
0.877761
0.789447
0.799603
0.854994
0.810613
0.877761
0.877737
0.796808
0.869553
0.854643
0.855175
0.863067
0.806216
0.843827
0.838088
0.865705
0.793903
0.835629
0.824166
0.877761
0.826515
0.796884
0.819634
0.792393
0.872929
0.853264
0.799280
0.827411
0.874493
0.824497
0.805155
0.855929
0.815056
0.848028
0.857929
0.854524
0.862378
0.850498
0.850906
0.855062
0.818315
0.795467
0.835100
0.858527
0.877761
0.877290
0.877450
0.877601
0.877539
0.877234
0.877470
0.876576
0.877182
0.877313
0.877750
0.877538
0.877664
0.877733
0.875858
0.876617
0.876262
0.876258
0.877509
0.877740
0.877423
0.877761
0.875912
0.849808
0.847263
0.871192
0.877713
0.863653
0.869277
0.810685
0.826609
0.796921
0.797021
0.788179
0.816920
0.831682
0.877761
0.877761
0.842739
0.855399
0.843103
0.828415
0.810528
0.819917
0.835623
0.832505
0.821099
0.829750
0.834113
0.859253
0.835140
0.822277
0.803392
0.869687
0.862487
0.800358
0.824645
0.791688
0.807694
0.843327
0.827690
0.877761
0.855327
0.869780
0.825875
0.818135
0.839255
0.877761
0.877761
0.824865
0.877759
0.805585
0.868146
0.877761
0.806758
0.875910
0.835828
0.804599
0.809494
0.877577
0.812090
0.821766
0.829632
0.794037
0.849057
0.857581
0.877761
0.830114
0.820260
0.856480
0.877735
0.845171
0.863546
0.838027
0.854422
0.834244
0.810388
0.827904
0.825095
0.856783
0.844507
0.794338
0.855220
0.856985
0.846018
0.838623
0.843583
0.857325
0.869657
0.857459
0.867800
0.801989
0.860474
0.834840
0.828523
0.818369
0.877282
0.817729
0.791860
0.845828
0.862615
0.859647
0.856757
0.820350
0.795450
0.796543
0.789112
0.853116
0.799993
0.791309
0.824148
0.836223
0.862620
0.848183
0.834210
0.844372
0.872242
0.799973
0.789257
0.873662
0.862708
0.854813
0.810593
0.863689
0.828261
0.846704
0.820288
0.875575
0.863807
0.824684
0.865841
0.802881
0.829724
0.846505
0.836216
0.836205
0.801620
0.828786
0.795749
0.842441
0.834288
0.829356
0.863070
0.838000
0.794810
0.836470
0.857806
0.791804
0.863830
0.870785
0.864461
0.788366
0.856202
0.871688
0.864198
0.858282
0.857813
0.861968
0.810404
0.836780
0.788889
0.805874
0.811388
0.820888
0.824715
0.874589
0.875075
0.872737
0.874538
0.877617
0.875835
0.872567
0.865172
0.864257
0.841922
0.860663
0.872742
0.863619
0.876768
0.875664
0.843511
0.872736
0.876173
0.835409
0.820457
0.821673
0.816824
0.834772
0.830291
0.872887
0.850337
0.848131
0.817778
0.825705
0.803418
0.855770
0.877760
0.830757
0.819625
0.796673
0.798354
0.842027
0.835467
0.808945
0.840288
0.854832
0.789813
0.790436
0.863450
0.822498
0.794034
0.855314
0.840217
0.813768
0.816745
0.869346
0.859002
0.872374
0.874075
0.809860
0.863408
0.821803
0.877747
0.835393
0.792902
0.812005
0.867838
0.827192
0.820211
0.820932
0.846317
0.839587
0.870562
0.788162
0.820962
0.847987
0.803018
0.839423
0.856382
0.828867
0.831519
0.860449
0.824917
0.858154
0.820752
0.850591
0.811769
0.851395
0.829788
0.861442
0.833859
0.870455
0.860524
0.821756
0.868175
0.858330
0.825976
0.808152
0.830748
0.839139
0.806439
0.815306
0.865705
0.849243
0.877173
0.848182
0.853892
0.844954
0.862150
0.832801
0.861823
0.790140
0.851529
0.865273
0.830296
0.827796
0.844441
0.847457
0.877761
0.853476
0.805278
0.790962
0.875117
0.851260
0.875989
0.871673
0.875520
0.857505
0.836200
0.800738
0.838750
0.875556
0.864476
0.858448
0.852148
0.845065
0.834830
0.857938
0.848605
0.837596
0.855399
0.867848
0.847215
0.847058
0.798741
0.859670
0.869523
0.836442
0.869757
0.844374
0.823615
0.790999
0.845277
0.814155
0.836604
0.813347
0.839028
0.856454
0.817502
0.856552
0.848826
0.851712
0.848080
0.876329
0.877670
0.875730
0.872327
0.873876
0.876947
0.810472
0.788029
0.849718
0.803730
0.831481
0.864431
0.848438
0.836085
0.852421
0.828251
0.846311
0.866491
0.831102
0.857782
0.793383
0.813201
0.870530
0.877352
0.846908
0.807786
0.873668
0.835594
0.798292
0.798128
0.853302
0.832187
0.826521
0.841106
0.845921
0.825759
0.867767
0.868897
0.811066
0.853859
0.855072
0.870517
0.817545
0.832811
0.843359
0.815026
0.862844
0.823951
0.846693
0.817817
0.858752
0.860193
0.823539
0.839396
0.789956
0.835436
0.827317
0.814545
0.874824
0.852959
0.872964
0.871194
0.824659
0.822076
0.864795
0.874937
0.792306
0.864209
0.873803
0.825812
0.875208
0.862586
0.856577
0.869460
0.823094
0.805919
0.811614
0.803784
0.866455
0.866320
0.819258
0.875688
0.853509
0.828161
0.860267
0.868992
0.854917
0.829195
0.845098
0.793258
0.808146
0.790200
0.861196
0.850475
0.854539
0.861785
0.862801
0.864100
0.860963
0.835307
0.875601
0.863306
0.854525
0.835540
0.852207
0.855937
0.803661
0.858651
0.820634
0.826657
0.814025
0.873213
0.850451
0.845197
0.854131
0.850313
0.836230
0.818273
0.854609
0.850802
0.850999
0.806744
0.818112
0.806767
0.825438
0.840984
0.844387
0.837910
0.832656
0.853874
0.826241
0.843238
0.868863
0.855633
0.844641
0.856201
0.854959
0.865213
0.863836
0.839043
0.822781
0.796191
0.869743
0.857914
0.800138
0.794436
0.792306
0.851784
0.822108
0.796335
0.868367
0.822193
0.867340
0.866754
0.861073
0.827749
0.873800
0.793189
0.846180
0.804107
0.806121
0.817428
0.871004
0.876841
0.824048
0.805028
0.830329
0.860978
0.802574
0.853207
0.845179
0.829961
0.843390
0.806745
0.815219
0.810567
0.788244
0.834458
0.790119
0.833281
0.857203
0.808789
0.854917
0.847158
0.821323
0.850747
0.792681
0.874530
0.811042
0.838960
0.866254
0.862395
0.805593
0.817706
0.858553
0.853209
0.856360
0.789513
0.796130
0.852637
0.866882
0.832449
0.820442
0.793522
0.838960
0.873292
0.803994
0.868075
0.834606
0.854870
0.798490
0.808429
0.824186
0.806769
0.838849
0.825515
0.794488
0.862319
0.800254
0.789699
0.867163
0.863625
0.829493
0.861082
0.858925
0.834178
0.865970
0.857353
0.823109
0.864610
0.874528
0.875398
0.800483
0.875750
0.813364
0.827061
0.854472
0.860428
0.868862
0.805382
0.829421
0.816313
0.853972
0.871611
0.867561
0.859813
0.830004
0.823012
0.817154
0.855715
0.856892
0.870777
0.875493
0.829074
0.850549
0.851852
0.854616
0.827528
0.855784
0.873594
0.820677
0.853772
0.852659
0.862626
0.829451
0.846383
0.801085
0.872766
0.810720
0.824298
0.851282
0.815638
0.826120
0.851499
0.816220
0.841272
0.811422
0.861107
0.808044
0.800154
0.868035
0.868389
0.877761
0.797189
0.859871
0.843682
0.852907
0.844319
0.812253
0.811434
0.818448
0.820299
0.871315
0.812225
0.821485
0.813031
0.860835
0.798463
0.871707
0.866554
0.811568
0.799364
0.800867
0.798164
0.862965
0.862160
0.871548
0.815963
0.866432
0.841485
0.813501
0.843473
0.807458
0.792740
0.841066
0.845689
0.828971
0.851787
0.835156
0.791724
0.838991
0.862968
0.857713
0.863076
0.849355
0.869233
0.813095
0.793548
0.867106
0.877761
0.788295
0.835058
0.873393
0.846817
0.826939
0.843687
0.866326
0.822459
0.809004
0.840763
0.842491
0.810265
0.855227
0.801122
0.861501
0.825439
0.850091
0.834511
0.877177
0.865957
0.836791
0.824432
0.864209
0.867287
0.864236
0.876742
0.828273
0.859687
0.814088
0.855968
0.860063
0.863353
0.809441
0.863377
0.863692
0.804358
0.822809
0.805236
0.829960
0.793104
0.833486
0.826314
0.810856
0.832083
0.853771
0.804105
0.866572
0.790840
0.835415
0.831600
0.813615
0.810215
0.849127
0.819977
0.799656
0.870880
0.787940
0.805164
0.793406
0.819930
0.824923
0.791292
0.824351
0.819154
0.808682
0.863223
0.817296
0.867719
0.827539
0.846072
0.818325
0.802041
0.819934
0.830888
0.816395
0.838783
0.863195
0.864470
0.863425
0.847771
0.830742
0.844540
0.874981
0.850886
0.870513
0.804168
0.876480
0.828509
0.859023
0.844467
0.793653
0.820141
0.809195
0.798953
0.787862
0.811606
0.827730
0.802507
0.814890
0.816200
0.788943
0.820253
0.859347
0.808751
0.862246
0.788359
0.865996
0.854537
0.858346
0.791552
0.861484
0.858929
0.844457
0.870776
0.828764
0.872929
0.833579
0.877409
0.866926
0.862316
0.811855
0.863393
0.862391
0.797388
0.794628
0.840661
0.802300
0.829096
0.790181
0.877761
0.791243
0.838010
0.805282
0.789539
0.801906
0.873375
0.848445
0.870078
0.847213
0.808013
0.824767
0.875481
0.870924
0.875873
0.828670
0.809395
0.841632
0.836548
0.875587
0.800913
0.812160
0.822833
0.857317
0.877133
0.873464
0.873560
0.877098
0.877277
0.814397
0.819150
0.849576
0.860110
0.848989
0.865745
0.854806
0.868684
0.871972
0.877005
0.876993
0.797480
0.860221
0.808252
0.789423
0.802709
0.810256
0.811203
0.848634
0.839435
0.853473
0.796149
0.876116
0.861539
0.825412
0.868577
0.829907
0.866873
0.816533
0.861095
0.826265
0.867900
0.856642
0.837211
0.813806
0.802071
0.809858
0.790990
0.854190
0.864605
0.846779
0.840463
0.800746
0.807834
0.868913
0.875890
0.867328
0.809742
0.858050
0.828243
0.819596
0.820359
0.842809
0.848187
0.822806
0.865319
0.796258
0.874058
0.810843
0.815374
0.808480
0.845306
0.866301
0.851427
0.863480
0.863751
0.851332
0.866514
0.798436
0.877722
0.877761
0.876996
0.877761
0.877658
0.807101
0.797124
0.815991
0.854314
0.806111
0.870629
0.857908
0.794643
0.862775
0.829283
0.869124
0.852634
0.845308
0.856722
0.858962
0.867940
0.857520
0.796549
0.813389
0.866627
0.858914
0.847588
0.824991
0.823719
0.849228
0.868156
0.869623
0.832889
0.874119
0.855727
0.874595
0.836139
0.873981
0.864086
0.806564
0.839635
0.877760
0.873919
0.837388
0.818333
0.797113
0.834110
0.837789
0.874715
0.854992
0.825153
0.866125
0.874131
0.872610
0.865847
0.872285
0.854536
0.802223
0.859167
0.856419
0.798497
0.817838
0.808438
0.801903
0.855383
0.822328
0.789697
0.809027
0.832079
0.801131
0.830914
0.819839
0.812444
0.817248
0.840236
0.823837
0.790401
0.875846
0.801028
0.874961
0.850092
0.849930
0.876892
0.866863
0.863586
0.810107
0.861878
0.855570
0.831362
0.832500
0.840179
0.867609
0.803052
0.843221
0.816404
0.788280
0.801315
0.827681
0.850081
0.807328
0.860926
0.859055
0.792281
0.831061
0.795137
0.860083
0.844680
0.846483
0.845411
0.800879
0.876396
0.865714
0.797982
0.834703
0.870155
0.835016
0.857324
0.791148
0.876203
0.835531
0.850702
0.809370
0.802415
0.841049
0.830072
0.869985
0.841702
0.833761
0.855158
0.853734
0.844844
0.869123
0.851695
0.820267
0.855488
0.813223
0.832176
0.874439
0.871220
0.851374
0.876093
0.838255
0.870275
0.799411
0.826335
0.853016
0.812170
0.861884
0.862803
0.840843
0.808376
0.820585
0.803432
0.865078
0.847323
0.794498
0.845942
0.807780
0.864488
0.851124
0.849993
0.806969
0.858289
0.847131
0.798608
0.840665
0.823910
0.825364
0.852276
0.814551
0.837820
0.867683
0.872884
0.868124
0.830427
0.788887
0.794274
0.794688
0.788648
0.817593
0.874209
0.789229
0.857037
0.822196
0.851161
0.840165
0.788129
0.849778
0.815721
0.859275
0.871026
0.842520
0.875374
0.865743
0.861390
0.868831
0.802767
0.809404
0.858537
0.817425
0.869370
0.822296
0.818559
0.854307
0.862166
0.850724
0.866154
0.809497
0.839198
0.854277
0.854179
0.875741
0.870329
0.863097
0.797880
0.815310
0.855855
0.864519
0.875187
0.864004
0.850714
0.797177
0.846922
0.794356
0.857932
0.810724
0.856868
0.787769
0.844115
0.856451
0.857257
0.851169
0.837100
0.796235
0.833334
0.848523
0.854518
0.799802
0.806521
0.796672
0.805823
0.877761
0.824291
0.841262
0.812525
0.832842
0.801646
0.858521
0.848785
0.854974
0.847670
0.806362
0.857166
0.864381
0.862217
0.819933
0.818048
0.790385
0.833790
0.788871
0.799698
0.792187
0.795336
0.867207
0.862891
0.861974
0.824406
0.853695
0.845748
0.835630
0.863329
0.823817
0.842559
0.854556
0.846759
0.821594
0.848831
0.829213
0.845645
0.830631
0.814402
0.808949
0.856669
0.799169
0.826134
0.841957
0.828664
0.855542
0.819751
0.802643
0.839885
0.856123
0.873238
0.875259
0.850853
0.790746
0.829019
0.796877
0.851937
0.809751
0.803036
0.826134
0.819165
0.794547
0.842465
0.850448
0.829084
0.814051
0.797417
0.838015
0.822107
0.799796
0.874157
0.875253
0.838026
0.809566
0.851315
0.815284
0.849880
0.808178
0.822993
0.842587
0.848602
0.842264
0.852257
0.876684
0.876267
0.874079
0.814791
0.867169
0.865682
0.857761
0.810026
0.805066
0.822267
0.806657
0.867164
0.824700
0.842361
0.863278
0.868699
0.801228
0.841095
0.829639
0.827692
0.868287
0.855935
0.803765
0.795982
0.825629
0.799701
0.823746
0.872403
0.868921
0.866362
0.852567
0.826126
0.853973
0.859058
0.876138
0.842581
0.838672
0.811342
0.800811
0.826929
0.829619
0.856796
0.821984
0.803729
0.798753
0.834294
0.857250
0.877514
0.813567
0.807137
0.877755
0.810019
0.824666
0.802293
0.806765
0.846689
0.823160
0.851095
0.828333
0.864260
0.799821
0.812613
0.826857
0.868443
0.845027
0.812211
0.788384
0.864437
0.832126
0.870144
0.872115
0.866076
0.861716
0.868841
0.833851
0.812856
0.830882
0.841334
0.856591
0.849316
0.854952
0.809512
0.832016
0.843121
0.791458
0.843391
0.873001
0.859133
0.859620
0.860248
0.863646
0.852463
0.874091
0.871837
0.872549
0.869704
0.839052
0.873366
0.804389
0.875658
0.871109
0.868201
0.848986
0.861201
0.827872
0.857864
0.819520
0.805453
0.857089
0.868788
0.847411
0.848271
0.841665
0.833283
0.857679
0.848830
0.846175
0.796874
0.875648
0.857011
0.863945
0.872818
0.826129
0.852361
0.848004
0.850176
0.812926
0.839502
0.865218
0.828205
0.818040
0.824231
0.813733
0.808066
0.862249
0.873502
0.795723
0.788055
0.835780
0.847269
0.852694
0.815248
0.873748
0.839891
0.847032
0.841249
0.799990
0.821874
0.874923
0.815539
0.852630
0.828357
0.875616
0.865368
0.866579
0.853195
0.842059
0.847382
0.825035
0.862617
0.875593
0.876052
0.823427
0.866082
0.871058
0.872184
0.874859
0.872299
0.874065
0.834753
0.860280
0.827987
0.842223
0.801759
0.877154
0.866650
0.868408
0.815445
0.831201
0.854124
0.790736
0.787826
0.877384
0.844162
0.869838
0.806284
0.829129
0.867343
0.793928
0.802152
0.809607
0.870075
0.803073
0.792601
0.831561
0.817347
0.806310
0.806032
0.816077
0.815831
0.837477
0.850691
0.838119
0.800923
0.865550
0.872445
0.818084
0.791347
0.804155
0.818113
0.869013
0.863957
0.790436
0.848476
0.872844
0.844581
0.844476
0.867167
0.866693
0.804671
0.790982
0.796286
0.844681
0.792242
0.834270
0.863554
0.826946
0.861428
0.873920
0.853997
0.837014
0.840968
0.788227
0.861859
0.835445
0.818373
0.813158
0.828776
0.868717
0.863248
0.875784
0.876861
0.877761
0.808559
0.829383
0.859477
0.877761
0.862166
0.859372
0.821886
0.801914
0.809470
0.834702
0.824817
0.802584
0.852512
0.797373
0.811403
0.800429
0.867259
0.874253
0.871007
0.839549
0.788591
0.869469
0.877516
0.832661
0.834986
0.835859
0.823663
0.836733
0.869367
0.871273
0.865497
0.843705
0.794941
0.859075
0.818724
0.839666
0.858793
0.863627
0.833835
0.864341
0.833283
0.864263
0.851696
0.876217
0.808897
0.859363
0.860263
0.796411
0.831800
0.824934
0.839678
0.811117
0.821200
0.812300
0.857347
0.865750
0.865835
0.822556
0.867695
0.852282
0.813550
0.798520
0.861771
0.874934
0.852008
0.832100
0.852221
0.811214
0.809123
0.869743
0.829469
0.854433
0.848859
0.808997
0.796656
0.835784
0.817944
0.867731
0.832310
0.813371
0.788702
0.805464
0.865534
0.846870
0.866111
0.855067
0.873971
0.861864
0.807811
0.804969
0.813866
0.840366
0.852445
0.826319
0.796174
0.821675
0.827786
0.876377
0.817525
0.850113
0.824959
0.860738
0.872847
0.826620
0.873983
0.812040
0.846487
0.851748
0.856622
0.830852
0.844165
0.840693
0.801020
0.874216
0.867362
0.844231
0.845816
0.825621
0.860671
0.863341
0.838660
0.864784
0.858986
0.872468
0.865974
0.877522
0.872594
0.875397
0.877373
0.867371
0.870986
0.860561
0.873030
0.876910
0.829541
0.817470
0.846556
0.857982
0.805217
0.874332
0.873917
0.850973
0.825822
0.832689
0.831404
0.792518
0.817094
0.824056
0.791022
0.859042
0.810279
0.868517
0.848183
0.876901
0.869620
0.796375
0.866858
0.872379
0.862029
0.844503
0.827054
0.839952
0.828160
0.855484
0.853671
0.825646
0.804018
0.811883
0.806208
0.830993
0.829592
0.833126
0.817724
0.821378
0.812959
0.823677
0.805537
0.816193
0.857553
0.833525
0.818154
0.817813
0.863646
0.877761
0.823052
0.860145
0.858742
0.814322
0.841063
0.836256
0.813568
0.843434
0.854357
0.798476
0.806584
0.807663
0.841497
0.831617
0.806683
0.831462
0.791684
0.851531
0.788665
0.810230
0.833282
0.824899
0.864813
0.874987
0.816245
0.848342
0.848612
0.847771
0.843981
0.832685
0.800280
0.853461
0.859925
0.853514
0.864003
0.808703
0.864615
0.863527
0.866763
0.862812
0.875018
0.856194
0.869435
0.872879
0.793856
0.872631
0.812610
0.822508
0.821623
0.845612
0.802674
0.844903
0.842053
0.809077
0.789699
0.838997
0.797968
0.846134
0.808880
0.823234
0.792695
0.860969
0.857625
0.821614
0.852107
0.862039
0.833249
0.791596
0.797603
0.866794
0.812952
0.869417
0.788368
0.867372
0.828007
0.828357
0.820586
0.852472
0.856201
0.838524
0.804726
0.823043
0.852888
0.850172
0.837642
0.871195
0.857775
0.818861
0.852035
0.821328
0.833016
0.796100
0.790424
0.870232
0.838299
0.872612
0.817523
0.822702
0.862719
0.866324
0.845463
0.841777
0.869346
0.836033
0.799101
0.858784
0.854618
0.821916
0.825686
0.856352
0.871540
0.877018
0.874818
0.824999
0.874719
0.869341
0.859878
0.788581
0.848177
0.816991
0.824991
0.800234
0.851036
0.848136
0.862742
0.858829
0.839064
0.818919
0.827880
0.874998
0.837269
0.877760
0.864802
0.848837
0.875174
0.874940
0.864938
0.873921
0.860731
0.857497
0.788462
0.863426
0.869470
0.857011
0.869418
0.818630
0.802384
0.810190
0.824513
0.808800
0.840635
0.858754
0.859711
0.833008
0.859726
0.800433
0.868781
0.867319
0.832450
0.816425
0.790543
0.793688
0.838500
0.823025
0.827417
0.865485
0.855110
0.812306
0.851838
0.794711
0.793267
0.795808
0.874174
0.866992
0.842574
0.817355
0.819593
0.873430
0.866077
0.790456
0.793008
0.872007
0.827324
0.859814
0.827618
0.809646
0.808069
0.877761
0.827093
0.799746
0.808759
0.868981
0.869641
0.850156
0.829308
0.866619
0.835916
0.837749
0.839005
0.850809
0.870328
0.849472
0.860875
0.825321
0.806971
0.831894
0.805805
0.836245
0.813105
0.847597
0.830045
0.840745
0.852783
0.873461
0.842627
0.874134
0.798036
0.805451
0.870261
0.863582
0.867010
0.840580
0.838344
0.796464
0.818686
0.809850
0.794523
0.800212
0.852359
0.862841
0.843856
0.843114
0.869094
0.815844
0.816820
0.847889
0.809307
0.792509
0.837214
0.876170
0.845222
0.815058
0.869416
0.840748
0.873492
0.869907
0.824153
0.802689
0.848943
0.872923
0.832432
0.807366
0.859526
0.800515
0.845308
0.863130
0.814675
0.855855
0.840941
0.791618
0.847094
0.839857
0.873685
0.862319
0.867832
0.866435
0.858413
0.832293
0.788716
0.843609
0.831110
0.864233
0.841277
0.809440
0.872012
0.861052
0.875278
0.825867
0.844486
0.850542
0.808176
0.856420
0.833050
0.842756
0.851048
0.813815
0.789683
0.848342
0.869112
0.809587
0.842391
0.852578
0.874055
0.840918
0.858174
0.796557
0.821262
0.862647
0.856827
0.860130
0.865160
0.858203
0.854487
0.839337
0.789842
0.851505
0.824657
0.850006
0.843980
0.868250
0.807853
0.864368
0.852237
0.839150
0.875003
0.867254
0.876994
0.874728
0.864766
0.868263
0.856405
0.804902
0.875741
0.865825
0.817173
0.857765
0.830409
0.826136
0.868021
0.866914
0.863674
0.803635
0.826051
0.877761
0.865249
0.822172
0.799855
0.854950
0.870775
0.867322
0.841204
0.836436
0.838842
0.824591
0.852004
0.854102
0.798402
0.836867
0.810846
0.856322
0.811625
0.806081
0.839261
0.862078
0.872091
0.840634
0.814155
0.874261
0.875562
0.860587
0.833814
0.801493
0.857331
0.853613
0.847680
0.805731
0.875246
0.840734
0.871614
0.830036
0.839295
0.807348
0.845550
0.833852
0.836059
0.814952
0.823457
0.875135
0.862619
0.861704
0.836172
0.858985
0.816124
0.811635
0.793531
0.855133
0.791002
0.835531
0.858823
0.813379
0.852846
0.819604
0.845809
0.833840
0.840335
0.867122
0.846953
0.822731
0.855897
0.838881
0.852245
0.877136
0.868659
0.876412
0.853890
0.796241
0.846046
0.851000
0.834188
0.833019
0.795149
0.867574
0.793768
0.815067
0.838477
0.855165
0.863665
0.876105
0.828749
0.871977
0.822648
0.835687
0.824366
0.862171
0.852768
0.834993
0.848397
0.872898
0.826817
0.851294
0.869695
0.830412
0.801001
0.838304
0.847377
0.827062
0.801915
0.805878
0.822438
0.854142
0.838007
0.823949
0.843567
0.857766
0.860672
0.865728
0.822550
0.801549
0.856908
0.855080
0.855279
0.858807
0.850958
0.837141
0.851894
0.872967
0.822440
0.788788
0.867760
0.810135
0.791106
0.791864
0.843641
0.870258
0.840430
0.864386
0.846332
0.844787
0.821446
0.793453
0.807143
0.848953
0.859058
0.864911
0.866380
0.792257
0.850875
0.830547
0.862743
0.872830
0.851372
0.837420
0.844249
0.862057
0.874966
0.811568
0.869372
0.825907
0.869511
0.811127
0.861722
0.854728
0.840390
0.793918
0.805468
0.797916
0.804847
0.870987
0.849318
0.792103
0.844393
0.849289
0.846003
0.802983
0.840647
0.826625
0.835367
0.839546
0.825238
0.843330
0.794286
0.833605
0.858753
0.877026
0.850357
0.844938
0.872483
0.876086
0.861603
0.810632
0.809607
0.842994
0.791184
0.830235
0.840954
0.854463
0.842062
0.828050
0.803879
0.822994
0.827974
0.864409
0.829964
0.871018
0.859902
0.848524
0.847722
0.791038
0.842887
0.846151
0.848091
0.805928
0.809852
0.854420
0.835025
0.852844
0.835851
0.870938
0.851680
0.849775
0.835290
0.833537
0.837292
0.801903
0.809893
0.788722
0.867697
0.855029
0.810911
0.798721
0.842418
0.877751
0.815853
0.829282
0.840941
0.827490
0.793058
0.822174
0.852065
0.834313
0.875110
0.812819
0.834395
0.849711
0.860366
0.833609
0.866027
0.802341
0.875173
0.866215
0.813388
0.873907
0.841710
0.796989
0.847841
0.824305
0.809256
0.841553
0.822650
0.877761
0.826994
0.857478
0.794360
0.825966
0.851568
0.802432
0.867611
0.856992
0.877145
0.874847
0.875178
0.875937
0.872028
0.873741
0.877464
0.851098
0.877761
0.877761
0.877761
0.877761
0.839460
0.877761
0.877761
0.876617
0.877761
0.877761
0.877761
0.877761
0.877761
0.877761
0.877761
0.877761
0.843737
0.792312
0.788931
0.843459
0.821484
0.807309
0.864721
0.874900
0.873502
0.872195
0.812830
0.861684
0.872600
0.844832
0.813828
0.873072
0.870978
0.825158
0.853244
0.801159
0.840195
0.867111
0.794471
0.836103
0.815340
0.852770
0.847705
0.833828
0.845915
0.867497
0.814480
0.874248
0.800784
0.808928
0.858052
0.869923
0.876642
0.872145
0.875135
0.874371
0.856486
0.867674
0.862623
0.873508
0.870600
0.874272
0.853643
0.827199
0.849386
0.853840
0.819126
0.838297
0.812910
0.860079
0.796709
0.796439
0.813296
0.831698
0.803802
0.864715
0.863206
0.817341
0.845956
0.833388
0.788105
0.808940
0.860228
0.825446
0.811843
0.810384
0.799954
0.787851
0.805573
0.843239
0.837322
0.845920
0.832568
0.821514
0.867468
0.868507
0.851992
0.820296
0.840098
0.788684
0.788023
0.793492
0.877247
0.797704
0.839339
0.812366
0.867714
0.843035
0.837635
0.811233
0.797663
0.827829
0.827952
0.795515
0.818490
0.849717
0.828989
0.819605
0.828443
0.819326
0.827146
0.819610
0.857335
0.831686
0.825349
0.806709
0.821220
0.822318
0.842155
0.798182
0.791562
0.804325
0.846593
0.791631
0.848741
0.798640
0.859608
0.841458
0.876563
0.791933
0.854009
0.862957
0.849904
0.821588
0.816913
0.865572
0.812057
0.869817
0.814561
0.831219
0.818523
0.864793
0.863905
0.790369
0.817842
0.827331
0.853482
0.859550
0.796638
0.805087
0.810589
0.822398
0.809826
0.837373
0.810789
0.845158
0.793414
0.803262
0.823192
0.804811
0.839415
0.799396
0.844817
0.832951
0.805094
0.865149
0.851958
0.836924
0.804130
0.868028
0.822884
0.870398
0.870031
0.846039
0.819210
0.846162
0.838315
0.862372
0.798139
0.825440
0.794565
0.821949
0.844996
0.833694
0.873464
0.843443
0.877751
0.805710
0.856456
0.877456
0.825001
0.877672
0.876483
0.861686
0.819997
0.876778
0.877346
0.810204
0.854681
0.859158
0.848201
0.822672
0.794295
0.813741
0.845024
0.793833
0.868338
0.852460
0.850896
0.865041
0.864416
0.867666
0.839078
0.858579
0.869580
0.839514
0.861446
0.864355
0.867452
0.859681
0.858366
0.870783
0.848251
0.795784
0.788172
0.830876
0.856572
0.843729
0.815494
0.869219
0.867837
0.793755
0.858945
0.819553
0.846375
0.829361
0.836002
0.855375
0.863204
0.842847
0.828017
0.805566
0.873207
0.834290
0.839472
0.801810
0.790586
0.827960
0.825920
0.817506
0.818225
0.850510
0.858204
0.823512
0.854625
0.852837
0.875688
0.853274
0.863110
0.866795
0.864879
0.841341
0.859461
0.795745
0.860556
0.806337
0.802218
0.818431
0.809177
0.810415
0.808884
0.846244
0.796390
0.814023
0.797770
0.817653
0.810692
0.858684
0.821205
0.850827
0.835908
0.835173
0.792100
0.870897
0.838096
0.845461
0.832927
0.808419
0.800095
0.841867
0.794113
0.877684
0.824828
0.841404
0.838359
0.816482
0.820979
0.819388
0.832532
0.853087
0.792298
0.828596
0.853887
0.865468
0.794944
0.813920
0.805127
0.857453
0.814911
0.812121
0.856005
0.825533
0.857049
0.843335
0.877761
0.805990
0.836009
0.862423
0.853713
0.875483
0.823686
0.858921
0.835846
0.866405
0.837246
0.804728
0.792510
0.801347
0.877761
0.825641
0.813168
0.800163
0.853980
0.826116
0.814770
0.856347
0.801231
0.849759
0.831567
0.861675
0.844661
0.853923
0.861918
0.851578
0.832725
0.795223
0.833418
0.851673
0.794233
0.824657
0.804259
0.853301
0.791438
0.805438
0.822829
0.804801
0.844985
0.860992
0.799399
0.877116
0.839341
0.877761
0.799410
0.828486
0.802379
0.796592
0.834941
0.793692
0.845022
0.812485
0.836272
0.815348
0.803299
0.845412
0.790425
0.807169
0.852790
0.841491
0.787811
0.839951
0.862573
0.820349
0.845233
0.834776
0.797517
0.789509
0.877710
0.846817
0.855751
0.855363
0.820536
0.839493
0.846370
0.853050
0.819261
0.842476
0.811607
0.798095
0.834998
0.827546
0.788659
0.818233
0.804734
0.870516
0.832949
0.800717
0.831244
0.792276
0.869971
0.876077
0.854439
0.836930
0.817562
0.868067
0.798952
0.847108
0.797034
0.842185
0.835617
0.845068
0.838091
0.854918
0.821399
0.791045
0.822822
0.854022
0.850326
0.854541
0.799710
0.823602
0.813028
0.858741
0.836723
0.799798
0.852296
0.873102
0.843374
0.816749
0.856197
0.868125
0.859610
0.877761
0.810291
0.845049
0.841915
0.810927
0.850336
0.788359
0.794162
0.796916
0.803998
0.811780
0.810638
0.877761
0.796048
0.788982
0.817795
0.841055
0.826756
0.838580
0.801540
0.860687
0.829658
0.838669
0.841642
0.804236
0.844926
0.850683
0.838658
0.843342
0.845568
0.848589
0.799036
0.831887
0.870507
0.845952
0.845913
0.846951
0.836627
0.835317
0.858124
0.863831
0.824923
0.842422
0.794168
0.824549
0.866301
0.823541
0.850243
0.859848
0.871012
0.822856
0.800889
0.850910
0.875326
0.832165
0.809875
0.856450
0.799252
0.820821
0.876224
0.838156
0.862654
0.820125
0.801318
0.831030
0.853574
0.808871
0.809091
0.803940
0.815292
0.808155
0.800361
0.844929
0.822899
0.795339
0.804564
0.789870
0.823929
0.877735
0.813437
0.796869
0.873174
0.793996
0.825619
0.849037
0.811548
0.877761
0.812692
0.825869
0.804203
0.838232
0.842348
0.813162
0.817148
0.852399
0.862706
0.843945
0.860559
0.868540
0.819680
0.788196
0.869742
0.826507
0.866987
0.863786
0.870742
0.848467
0.850669
0.814273
0.871684
0.789435
0.840638
0.870129
0.806678
0.876918
0.850905
0.876527
0.788772
0.847246
0.860578
0.869538
0.812200
0.839846
0.855192
0.874817
0.872193
0.819475
0.873639
0.857749
0.802322
0.857916
0.860998
0.791276
0.834406
0.863563
0.838273
0.802330
0.816719
0.814183
0.827071
0.872794
0.816818
0.856237
0.841569
0.873946
0.819416
0.877471
0.801983
0.811535
0.856941
0.867195
0.864845
0.874962
0.793450
0.818155
0.815258
0.790201
0.807320
0.858678
0.877581
0.877676
0.873037
0.856713
0.874283
0.790276
0.867121
0.877761
0.845732
0.831672
0.810237
0.814796
0.869577
0.792998
0.804591
0.874240
0.841329
0.819074
0.827256
0.808581
0.877665
0.813949
0.857968
0.868529
0.875310
0.845020
0.788977
0.819189
0.877761
0.861773
0.872683
0.827633
0.863145
0.856365
0.867800
0.821544
0.810955
0.850082
0.808604
0.860857
0.845277
0.815168
0.829368
0.849948
0.864978
0.851563
0.804937
0.829135
0.808050
0.863274
0.861334
0.852951
0.843504
0.834243
0.820051
0.829909
0.845253
0.830318
0.871580
0.797797
0.851095
0.812613
0.825552
0.836192
0.816822
0.818149
0.862216
0.814903
0.801342
0.844489
0.830348
0.860766
0.848208
0.809977
0.850023
0.819302
0.836604
0.813189
0.836667
0.849592
0.826189
0.849305
0.867525
0.870425
0.851554
0.856931
0.839564
0.827309
0.841237
0.795732
0.834917
0.828923
0.804432
0.791969
0.824909
0.874149
0.872291
0.843687
0.816727
0.806332
0.815354
0.791262
0.794281
0.822111
0.860082
0.795325
0.872791
0.855462
0.867297
0.811270
0.811360
0.851027
0.827097
0.876031
0.865526
0.875863
0.824903
0.857406
0.841955
0.797331
0.798607
0.846826
0.816039
0.817869
0.832830
0.801245
0.796678
0.866548
0.823713
0.851885
0.820251
0.869435
0.795299
0.816903
0.816947
0.840739
0.851378
0.851865
0.836290
0.844314
0.876554
0.863374
0.842303
0.833827
0.872229
0.851755
0.803625
0.869509
0.860293
0.846585
0.868029
0.829985
0.819902
0.815595
0.817792
0.830746
0.864466
0.861780
0.869005
0.864600
0.873140
0.804632
0.847533
0.836611
0.875349
0.855986
0.869933
0.816213
0.799774
0.852290
0.834129
0.867117
0.818651
0.868644
0.854251
0.864170
0.857190
0.837098
0.850101
0.869622
0.816122
0.797915
0.810646
0.852942
0.847302
0.820999
0.789486
0.849059
0.873202
0.870360
0.849234
0.854072
0.840889
0.819106
0.809234
0.830611
0.833007
0.829439
0.861917
0.854441
0.836982
0.847606
0.811659
0.844574
0.812652
0.813718
0.862362
0.813853
0.831661
0.850477
0.860163
0.816949
0.804540
0.831744
0.847911
0.864316
0.814682
0.799439
0.790079
0.810139
0.827430
0.791695
0.853672
0.795624
0.789204
0.809436
0.872140
0.810652
0.802907
0.822451
0.792802
0.849838
0.877761
0.812911
0.791823
0.802564
0.875591
0.806838
0.825251
0.820053
0.814646
0.805210
0.833770
0.858022
0.868684
0.842091
0.824996
0.840740
0.869333
0.815438
0.867210
0.791482
0.839589
0.869100
0.806869
0.872262
0.841218
0.809651
0.802607
0.837399
0.837142
0.833768
0.855716
0.808688
0.829157
0.877749
0.803976
0.803622
0.838247
0.838289
0.788846
0.859902
0.836562
0.874875
0.859286
0.845056
0.820058
0.819031
0.789685
0.856773
0.804661
0.830854
0.869938
0.787821
0.843545
0.800932
0.806559
0.836077
0.851245
0.864865
0.812271
0.850998
0.841102
0.823877
0.824090
0.864264
0.868610
0.821212
0.867034
0.835612
0.865068
0.870929
0.853672
0.876986
0.841887
0.809201
0.852446
0.867870
0.860036
0.821370
0.788872
0.790571
0.846858
0.815765
0.839564
0.828211
0.830811
0.862922
0.857947
0.864628
0.867701
0.798410
0.860572
0.812067
0.856173
0.823752
0.832804
0.838811
0.822107
0.839590
0.793220
0.835189
0.849204
0.846746
0.848633
0.864387
0.845363
0.871591
0.870135
0.875785
0.870254
0.870620
0.838707
0.841393
0.848541
0.826652
0.812828
0.866027
0.869298
0.866246
0.838830
0.851869
0.859196
0.799429
0.810577
0.861665
0.789402
0.874734
0.872204
0.860834
0.841629
0.857945
0.861781
0.850872
0.788630
0.849078
0.872025
0.843511
0.806927
0.847571
0.863856
0.871101
0.830237
0.800559
0.824898
0.804988
0.811133
0.842050
0.790800
0.840748
0.877760
0.842893
0.838046
0.850313
0.837984
0.788333
0.789100
0.807092
0.807354
0.867308
0.835104
0.854758
0.843076
0.795903
0.844924
0.849921
0.831749
0.803236
0.849955
0.830792
0.869580
0.833423
0.859601
0.832697
0.815824
0.852424
0.849370
0.869122
0.819192
0.864323
0.869537
0.871924
0.871318
0.815901
0.848452
0.820971
0.817038
0.805834
0.850298
0.806857
0.843756
0.865659
0.866032
0.791625
0.875633
0.871312
0.811183
0.872130
0.820494
0.865807
0.837656
0.821959
0.813765
0.793062
0.799969
0.822095
0.872053
0.865723
0.865346
0.853009
0.833194
0.850251
0.824483
0.848395
0.851238
0.868155
0.864361
0.787891
0.809723
0.858325
0.856245
0.854206
0.848858
0.788301
0.876117
0.874702
0.873435
0.821608
0.810150
0.837290
0.869761
0.825044
0.851363
0.792735
0.863816
0.856239
0.802509
0.844033
0.842502
0.858563
0.796583
0.860339
0.832398
0.858739
0.872444
0.824086
0.793622
0.837179
0.808366
0.850562
0.816638
0.809096
0.788990
0.840108
0.847329
0.821050
0.795748
0.858611
0.803976
0.856669
0.832349
0.829766
0.867551
0.850420
0.876161
0.874424
0.809424
0.794267
0.841643
0.875327
0.838972
0.852748
0.853342
0.805153
0.802714
0.872748
0.874191
0.872464
0.833570
0.846889
0.839719
0.828581
0.810712
0.819903
0.825021
0.819261
0.841683
0.839185
0.800904
0.815516
0.828626
0.809159
0.796217
0.797028
0.805663
0.842898
0.877033
0.867808
0.877548
0.846357
0.840932
0.815522
0.842243
0.788706
0.813123
0.790156
0.792635
0.792350
0.834311
0.813506
0.809450
0.844877
0.796832
0.798253
0.860279
0.795245
0.799290
0.818122
0.854643
0.835182
0.840007
0.842629
0.801326
0.850717
0.873539
0.855450
0.802626
0.801500
0.844877
0.859842
0.829574
0.816447
0.834983
0.840353
0.873696
0.874911
0.850736
0.858939
0.862812
0.872189
0.835576
0.871058
0.841415
0.788528
0.799972
0.849121
0.808188
0.842023
0.822510
0.825363
0.811997
0.853268
0.793463
0.839333
0.835825
0.799090
0.837282
0.801006
0.822721
0.849318
0.792582
0.854808
0.803818
0.868469
0.855687
0.855809
0.824201
0.861572
0.820817
0.877112
0.877642
0.823413
0.828312
0.821044
0.856469
0.855366
0.808088
0.846291
0.796290
0.845081
0.866037
0.820415
0.867414
0.871490
0.798387
0.796931
0.799443
0.808234
0.799822
0.813830
0.815587
0.854203
0.867262
0.809463
0.865040
0.833429
0.837360
0.797751
0.828197
0.852391
0.818556
0.863577
0.848176
0.858596
0.849897
0.856890
0.860160
0.804213
0.817542
0.827272
0.795271
0.834800
0.806348
0.802252
0.853664
0.829761
0.842765
0.844499
0.872732
0.801045
0.798811
0.839433
0.834745
0.844706
0.802865
0.839647
0.839696
0.846818
0.852096
0.859250
0.832565
0.860151
0.859805
0.873440
0.872783
0.875547
0.870031
0.826163
0.873767
0.838608
0.854856
0.867186
0.829874
0.826740
0.861876
0.821040
0.827189
0.875709
0.792800
0.833219
0.795420
0.832921
0.855630
0.807810
0.875905
0.855862
0.866369
0.874247
0.838662
0.823172
0.860491
0.876189
0.831364
0.809072
0.792109
0.870729
0.854586
0.793093
0.846971
0.851818
0.803842
0.862100
0.860790
0.805838
0.793491
0.827129
0.830816
0.811017
0.805751
0.837313
0.788959
0.855399
0.817151
0.805231
0.865232
0.841011
0.793609
0.874221
0.831223
0.821662
0.829135
0.858558
0.876185
0.876002
0.858288
0.875012
0.870057
0.853434
0.838352
0.831939
0.807224
0.798255
0.847951
0.819963
0.856567
0.812948
0.804006
0.825993
0.833652
0.857462
0.796628
0.853288
0.791421
0.837715
0.836876
0.796197
0.828308
0.830896
0.847150
0.815897
0.823693
0.812714
0.825752
0.849110
0.853502
0.832827
0.859553
0.870912
0.876612
0.875832
0.823712
0.848257
0.800794
0.844911
0.814953
0.851218
0.844672
0.862094
0.861876
0.868796
0.789301
0.829443
0.818724
0.834035
0.859706
0.791681
0.804848
0.809048
0.794729
0.828840
0.846991
0.842265
0.841248
0.808304
0.807737
0.829946
0.838676
0.824073
0.855383
0.854129
0.838191
0.791622
0.834298
0.833124
0.823901
0.851101
0.855261
0.839715
0.820461
0.814327
0.829246
0.850921
0.833394
0.821927
0.821822
0.823878
0.793055
0.845127
0.802914
0.869030
0.813897
0.873619
0.810667
0.871800
0.831684
0.838148
0.831388
0.805057
0.843209
0.816090
0.792971
0.864140
0.844512
0.869229
0.834325
0.868344
0.847811
0.808835
0.859077
0.857414
0.793431
0.869179
0.791601
0.869073
0.853217
0.809528
0.862487
0.838305
0.813139
0.866042
0.868266
0.823654
0.877761
0.866163
0.860860
0.838596
0.815765
0.812489
0.813795
0.798175
0.858753
0.871388
0.815847
0.873845
0.855343
0.826045
0.807973
0.799118
0.871054
0.864894
0.851480
0.846935
0.819668
0.803611
0.848732
0.846990
0.795670
0.818479
0.799826
0.831549
0.818563
0.831601
0.856290
0.837163
0.856208
0.812906
0.792092
0.858514
0.794692
0.823632
0.829846
0.825379
0.810982
0.834903
0.858842
0.877761
0.817954
0.799499
0.801671
0.845902
0.855201
0.833028
0.848112
0.812316
0.795012
0.842549
0.813133
0.805954
0.798396
0.843760
0.865196
0.805402
0.844132
0.850745
0.852430
0.807487
0.800951
0.822145
0.833718
0.851650
0.807490
0.825752
0.795584
0.800334
0.877760
0.857286
0.829336
0.834294
0.829017
0.820787
0.856180
0.867934
0.798046
0.803824
0.828866
0.808881
0.872566
0.866479
0.849729
0.795877
0.829839
0.802020
0.800606
0.802404
0.866169
0.857070
0.814737
0.827726
0.860729
0.874801
0.844436
0.866626
0.852823
0.864337
0.867057
0.843366
0.857989
0.829586
0.850430
0.814614
0.809435
0.850650
0.816714
0.865769
0.867915
0.867243
0.830132
0.865606
0.858950
0.866106
0.830165
0.816055
0.821735
0.814077
0.831684
0.795734
0.877761
0.804898
0.852275
0.791028
0.795826
0.822526
0.864602
0.819707
0.830111
0.844763
0.820599
0.808735
0.836063
0.836228
0.859657
0.813741
0.801857
0.843112
0.873335
0.788840
0.816460
0.856912
0.871319
0.796519
0.876263
0.847734
0.807115
0.849775
0.835099
0.856154
0.852822
0.843979
0.807677
0.859741
0.842609
0.808329
0.849774
0.815435
0.798085
0.821327
0.841122
0.859029
0.834548
0.862138
0.870632
0.871022
0.800078
0.860124
0.829076
0.855249
0.847611
0.848791
0.802051
0.848338
0.847447
0.870165
0.848044
0.854328
0.877761
0.853874
0.798479
0.861929
0.868654
0.842398
0.834230
0.835778
0.877220
0.874623
0.864263
0.797636
0.790132
0.799389
0.806158
0.817935
0.832915
0.820166
0.838522
0.851596
0.852867
0.875247
0.869351
0.840080
0.792340
0.877761
0.873875
0.792249
0.848715
0.840863
0.847434
0.846244
0.837452
0.862195
0.816763
0.801513
0.861184
0.831242
0.807314
0.874468
0.875241
0.865456
0.876623
0.857485
0.822994
0.850519
0.832728
0.835168
0.814756
0.854131
0.829469
0.822241
0.830120
0.861685
0.837436
0.840299
0.824276
0.820626
0.857646
0.844066
0.820849
0.824084
0.869266
0.818400
0.875252
0.875811
0.871323
0.813925
0.856054
0.856736
0.872433
0.871456
0.876647
0.849675
0.794899
0.814277
0.801284
0.870563
0.858080
0.875697
0.858423
0.877761
0.865206
0.795572
0.859785
0.840843
0.868226
0.801524
0.846456
0.832806
0.874060
0.806761
0.841298
0.860116
0.856218
0.807561
0.821543
0.834066
0.820561
0.818343
0.809460
0.869515
0.877143
0.871777
0.823808
0.847118
0.815084
0.836876
0.830072
0.845011
0.838743
0.807949
0.866840
0.823952
0.852484
0.868256
0.840554
0.818748
0.823243
0.858591
0.852494
0.830650
0.877761
0.818755
0.859126
0.818057
0.810713
0.789136
0.819058
0.825742
0.830659
0.821442
0.825299
0.797219
0.834309
0.873185
0.867946
0.870218
0.794832
0.869822
0.840487
0.830297
0.845255
0.804927
0.827835
0.828190
0.817903
0.853276
0.788557
0.846887
0.852738
0.797718
0.799963
0.860855
0.845756
0.848453
0.791322
0.863264
0.826540
0.790644
0.831936
0.822762
0.845800
0.814674
0.806792
0.812379
0.807840
0.822011
0.810136
0.810550
0.839273
0.835052
0.842641
0.815372
0.794296
0.837178
0.808503
0.857256
0.818758
0.801015
0.831483
0.815894
0.815511
0.804374
0.822646
0.870078
0.863442
0.855654
0.832622
0.846239
0.790308
0.861043
0.795436
0.812241
0.811718
0.848621
0.861681
0.830595
0.853470
0.851471
0.856902
0.794522
0.794106
0.869580
0.821227
0.837984
0.831893
0.863717
0.804961
0.792704
0.806450
0.819549
0.792940
0.811696
0.828292
0.828341
0.863818
0.829605
0.825216
0.851936
0.877761
0.800815
0.835262
0.796088
0.822212
0.840490
0.869956
0.852264
0.804782
0.828208
0.860498
0.874529
0.854215
0.873102
0.836215
0.848492
0.830962
0.834221
0.809964
0.795765
0.877732
0.877361
0.877761
0.877760
0.877761
0.877761
0.877761
0.865537
0.877760
0.877761
0.877280
0.872797
0.877360
0.874746
0.877540
0.877758
0.877305
0.877759
0.877733
0.877761
0.877760
0.877761
0.831739
0.808667
0.860191
0.862429
0.860441
0.789744
0.874183
0.877751
0.877759
0.877668
0.877529
0.874732
0.877618
0.877744
0.871269
0.877757
0.826420
0.822136
0.842365
0.820375
0.820246
0.813445
0.803931
0.805935
0.798178
0.861864
0.804532
0.858022
0.795465
0.867748
0.828014
0.803408
0.877756
0.823587
0.877761
0.877761
0.794310
0.872607
0.823052
0.837701
0.795015
0.814724
0.831241
0.830046
0.803334
0.858842
0.795403
0.809374
0.842966
0.820577
0.861419
0.848266
0.823548
0.869048
0.856129
0.847528
0.831551
0.798555
0.869351
0.837848
0.838764
0.824239
0.833917
0.795572
0.828161
0.858114
0.856052
0.862157
0.827359
0.834939
0.811819
0.867308
0.790575
0.877761
0.829621
0.808687
0.836032
0.822857
0.862802
0.872007
0.854048
0.870778
0.845891
0.836897
0.818727
0.810060
0.811908
0.871212
0.877758
0.818182
0.842867
0.856718
0.816907
0.841189
0.819277
0.813573
0.806749
0.822525
0.829405
0.847188
0.852741
0.829905
0.830000
0.844322
0.802422
0.824260
0.838941
0.838999
0.820069
0.815749
0.877761
0.799309
0.837798
0.807013
0.798145
0.849008
0.870004
0.793343
0.840514
0.851592
0.822366
0.870921
0.819551
0.861975
0.801787
0.796120
0.819589
0.814922
0.832526
0.800738
0.808019
0.825562
0.831665
0.833016
0.857260
0.818587
0.826803
0.809286
0.834284
0.845930
0.860773
0.839582
0.836294
0.827643
0.832088
0.809939
0.821179
0.854075
0.827662
0.791705
0.872100
0.817336
0.807856
0.825036
0.839316
0.808479
0.790057
0.821836
0.840551
0.808052
0.819108
0.819516
0.837310
0.847677
0.818680
0.825950
0.877760
0.797738
0.859295
0.833217
0.807346
0.838120
0.816188
0.847969
0.806251
0.865188
0.807180
0.800406
0.874640
0.833873
0.789811
0.805987
0.801355
0.811981
0.795062
0.809732
0.854256
0.790455
0.859859
0.847963
0.806537
0.854362
0.824440
0.841817
0.844136
0.822481
0.854748
0.870739
0.868574
0.842636
0.824812
0.860876
0.864111
0.859417
0.805630
0.802180
0.850508
0.844893
0.834968
0.845523
0.840622
0.835436
0.830758
0.805399
0.812920
0.833585
0.871161
0.854388
0.822570
0.824311
0.793938
0.852737
0.874116
0.852709
0.835684
0.823289
0.852219
0.876064
0.823899
0.870295
0.814334
0.827489
0.803534
0.833185
0.825057
0.813455
0.832609
0.838666
0.840777
0.821183
0.864990
0.833370
0.847857
0.831889
0.838868
0.844073
0.852727
0.801364
0.802939
0.828481
0.844132
0.845536
0.804563
0.820457
0.831462
0.799259
0.839680
0.808547
0.798206
0.833580
0.844904
0.799272
0.805775
0.840667
0.833804
0.838004
0.847070
0.800904
0.789895
0.800377
0.862474
0.793440
0.844205
0.873446
0.816185
0.861109
0.871561
0.848484
0.874256
0.858269
0.871955
0.865663
0.866513
0.874228
0.832730
0.873301
0.872215
0.856803
0.847404
0.829369
0.871173
0.826641
0.857811
0.840402
0.865057
0.846072
0.851787
0.801665
0.802445
0.802457
0.847848
0.849197
0.865553
0.819850
0.870873
0.864498
0.854186
0.866500
0.829304
0.813377
0.802616
0.867483
0.848096
0.874976
0.875364
0.823967
0.874439
0.828463
0.857604
0.834634
0.869032
0.877408
0.848836
0.870940
0.860281
0.856058
0.814652
0.858901
0.811418
0.820476
0.877401
0.869698
0.821398
0.874215
0.832254
0.820620
0.870763
0.805030
0.830988
0.875054
0.860167
0.872789
0.856716
0.804977
0.832406
0.799628
0.877761
0.853510
0.863908
0.814693
0.856817
0.876768
0.808615
0.812344
0.797436
0.830295
0.869966
0.877047
0.842737
0.794680
0.788735
0.877746
0.830704
0.859151
0.823677
0.809308
0.819650
0.838021
0.860514
0.821714
0.836484
0.809695
0.870483
0.873120
0.871516
0.836532
0.871184
0.788389
0.813762
0.809558
0.820421
0.848375
0.800717
0.820730
0.812639
0.837358
0.861036
0.833839
0.805598
0.836698
0.826047
0.808495
0.863550
0.854601
0.872440
0.798123
0.862542
0.830996
0.838960
0.877111
0.877761
0.877733
0.835947
0.824770
0.797738
0.805754
0.806213
0.802441
0.799710
0.807067
0.854273
0.873034
0.837855
0.870543
0.826926
0.850995
0.850890
0.862618
0.872497
0.852234
0.790647
0.833571
0.811602
0.857075
0.839021
0.825757
0.816296
0.858374
0.826369
0.804303
0.844703
0.841259
0.795927
0.839539
0.827478
0.796107
0.842907
0.798257
0.828012
0.833876
0.796358
0.856456
0.865128
0.869175
0.839335
0.860711
0.877329
0.788173
0.850432
0.805162
0.836605
0.792256
0.801620
0.860093
0.802616
0.839239
0.856303
0.810433
0.825474
0.788370
0.795233
0.797294
0.846032
0.864890
0.854592
0.857695
0.796299
0.862831
0.829041
0.816115
0.819550
0.840783
0.832902
0.796456
0.796443
0.828606
0.814783
0.811530
0.857483
0.818291
0.811536
0.856459
0.862016
0.866090
0.819149
0.790968
0.852763
0.817475
0.811170
0.877738
0.842599
0.802997
0.806847
0.813175
0.841318
0.848899
0.862991
0.795626
0.844648
0.847574
0.860485
0.795548
0.844093
0.841676
0.806481
0.819985
0.839202
0.839411
0.818699
0.842082
0.833091
0.865486
0.818869
0.791282
0.840723
0.847842
0.851995
0.877761
0.798446
0.829441
0.790804
0.798992
0.805916
0.850609
0.843422
0.812393
0.841623
0.842616
0.815735
0.847516
0.832158
0.800253
0.791756
0.850729
0.874402
0.846324
0.826949
0.839832
0.824997
0.815778
0.844916
0.790886
0.858560
0.839207
0.860039
0.812055
0.810201
0.845197
0.827468
0.807980
0.839811
0.859571
0.871119
0.821641
0.845092
0.813450
0.845611
0.843374
0.803884
0.844362
0.815160
0.849716
0.875875
0.865706
0.861272
0.840952
0.846634
0.856331
0.817113
0.833248
0.827904
0.799264
0.829929
0.862733
0.805826
0.837722
0.831049
0.852595
0.809170
0.847382
0.862328
0.798950
0.866487
0.796988
0.791253
0.860949
0.874013
0.833926
0.788691
0.803719
0.817006
0.804214
0.805982
0.804769
0.849831
0.867956
0.844312
0.789141
0.835220
0.800356
0.812197
0.842354
0.877761
0.844977
0.855499
0.794994
0.877761
0.849108
0.846044
0.822490
0.860030
0.813081
0.835632
0.826480
0.829557
0.846408
0.844344
0.828723
0.846824
0.850718
0.877761
0.838989
0.846761
0.859130
0.818972
0.825302
0.863718
0.832740
0.861793
0.789134
0.823270
0.825098
0.812691
0.868481
0.802572
0.809060
0.822741
0.837738
0.825476
0.805895
0.790476
0.823926
0.848138
0.807759
0.865784
0.803192
0.851253
0.792810
0.832283
0.872414
0.819747
0.801656
0.831222
0.854041
0.796014
0.819632
0.808617
0.841736
0.874135
0.877761
0.854019
0.849894
0.850447
0.799041
0.867473
0.797694
0.798238
0.834803
0.833758
0.808240
0.838604
0.801543
0.814036
0.856483
0.814356
0.802514
0.797398
0.807665
0.817641
0.814145
0.862029
0.839248
0.850186
0.857331
0.794855
0.805829
0.842816
0.804503
0.868204
0.819038
0.819053
0.791059
0.836179
0.826042
0.806674
0.834947
0.790548
0.867084
0.801889
0.817855
0.807663
0.811159
0.855177
0.797094
0.811288
0.856699
0.846570
0.843236
0.841454
0.788837
0.803071
0.802833
0.836454
0.813981
0.838142
0.828974
0.794204
0.837931
0.852343
0.823913
0.799869
0.819842
0.815079
0.833646
0.827798
0.838374
0.813902
0.807025
0.799082
